 11 6805.278500 1.340E-29 1.827E-01.02840.235 3685.41910.27-.019260          0 2 1          0 0 0 13  9  4       14  9  5      334233797294713152    27.0   29.0
 11 6805.289956 4.019E-29 1.826E-01.02830.235 3685.40690.27-.019250          0 2 1          0 0 0 13  9  5       14  9  6      334233807294713152    81.0   87.0
 11 6805.338235 1.686E-26 1.488E+00.06590.352 2724.16700.58-.011460          2 1 0          0 1 0  6  4  3        7  5  2      464223807294713152    39.0   45.0
 11 6805.392117 1.076E-28 1.460E+01.07920.371 4199.39090.64-.010940          2 0 1          1 0 0  5  2  4        6  2  5      334233807294713152    33.0   39.0
 11 6805.491575 4.405E-30 7.465E+00.06210.352 4782.66210.56-.029680          3 0 0          0 0 1  7  5  2        7  5  3      332230807294713152    45.0   45.0
 11 6805.513254 2.293E-30 1.747E+00.06920.333 4643.99910.60-.033880          2 0 1          1 0 0  8  1  7        8  3  6      332230807294713152    51.0   51.0
 11 6805.534710 1.610E-26 2.928E-01.06280.250 2533.79320.58-.013420          0 0 2          0 0 0 12  3 10       13  4  9      464223807260713049    75.0   81.0
 11 6805.578936 1.192E-30 1.862E-04.08700.333 2670.78960.72-.011130          2 1 0          0 1 0  8  0  8        8  3  5      432230807294713152    17.0   17.0
 11 6805.741054 1.478E-27 1.377E-01.06620.333 2764.69740.60-.011860          1 3 0          0 1 0  7  5  2        8  4  5      434223807294713152    45.0   51.0
 11 6805.791945 3.552E-30 7.292E-01.07310.352 4348.41470.60-.010920          3 0 0          1 0 0  7  0  7        7  1  6      332230807294713152    45.0   45.0
 11 6805.801762 4.787E-29 1.864E+01.08940.371 4190.26220.70-.010830          2 0 1          1 0 0  5  1  4        6  1  5      334233807294713152    11.0   13.0
 11 6805.814614 7.718E-30 1.351E+01.04470.371 4759.85320.48-.040000          3 0 0          0 0 1  6  6  1        6  6  0      332230807294713152    39.0   39.0
 11 6805.857077 2.595E-30 1.363E+01.04470.371 4759.85310.48-.040000          3 0 0          0 0 1  6  6  0        6  6  1      332230807294713152    13.0   13.0
 11 6805.963351 4.184E-29 4.334E-04.06010.265 2433.80040.60-.040000          1 2 0          0 0 0 13  3 10       12  6  7      434233807294713152    81.0   75.0
 11 6806.007815 1.523E-28 1.401E-01.08030.298 3058.39840.710.011650          0 3 1          0 1 0  9  4  5       10  2  8      334233807294713152    19.0   21.0
 11 6806.033900 1.982E-26 1.084E+01.01030.195 3291.1483-.17-.033450          1 0 1          0 0 0 16  1 15       17  1 16      364323797294713152    99.0  105.0
 11 6806.040500 6.606E-27 1.084E+01.01030.195 3291.1497-.17-.028140          1 0 1          0 0 0 16  2 15       17  2 16      334223797294713152    33.0   35.0
 11 6806.112932 5.067E-29 4.192E-01.01150.183 3647.4606-.07-.040000          1 0 1          0 0 0 18  1 18       18  1 17      334233807294713152    37.0   37.0
 11 6806.116000 1.520E-28 4.192E-01.01180.183 3647.4608-.06-.037660          1 0 1          0 0 0 18  0 18       18  2 17      334233797294713152   111.0  111.0
 11 6806.124365 1.529E-28 2.204E+00.01790.221 3937.57150.04-.030390          2 1 0          0 1 0 14  1 14       15  0 15      334233807294713152    87.0   93.0
 11 6806.135022 5.099E-29 2.205E+00.03680.221 3937.57210.36-.008837         -2-2-2          0 1 0 14 -1 -1       15  1 15      132232477291712250    29.0   31.0
 11 6806.165703 8.021E-25 1.772E-02.08870.371  757.78020.71-.019290          1 0 1          0 0 0  5  0  5        6  4  2      464623807294713152    11.0   13.0
 11 6806.184200 3.138E-29 3.064E-01.05750.298 3565.00350.53-.024120          1 1 1          0 1 0 10  4  7       10  6  4      334233797294713152    21.0   21.0
 11 6806.223154 5.375E-30 9.093E-08.07810.371  661.54890.670.000000          2 0 0          0 0 0  4  1  3        6  3  3     q4222308079917122 0     9.0   13.0
 11 6806.245497 1.657E-30 4.653E-02.07830.371 3713.08250.650.004660          1 4 0          0 2 0  7  2  6        6  1  5      332230807294713152    15.0   13.0
 11 6806.261120 2.277E-23 1.787E-02.10320.456  134.90160.76-.017370          0 2 1          0 0 0  2  0  2        2  2  1      466421797294713152    15.0   15.0
 11 6806.370742 5.069E-28 4.840E-02.08180.315 2818.39800.690.005700          1 3 0          0 1 0  9  3  6        9  2  7      334223807294713152    57.0   57.0
 11 6806.410041 8.159E-30 9.066E-08.07340.352  842.35660.650.000000          1 0 1          0 0 0  5  2  4        7  3  4     q4322308079917122 0    33.0   45.0
 11 6806.424269 5.001E-24 7.874E-01.06770.315 1477.29740.60-.016680          2 0 0          0 0 0  8  4  5        9  5  4      464623807260713049    51.0   57.0
 11 6806.478669 5.062E-25 2.965E+00.09520.456 1743.48620.73-.004520          0 3 1          0 1 0  2  2  1        2  2  0      464423807294713152     5.0    5.0
 11 6806.550370 5.804E-27 1.536E+00.07060.352 2724.04150.63-.008870          2 1 0          0 1 0  6  4  2        7  5  3      434223797294713152    13.0   15.0
 11 6806.617400 2.901E-29 6.726E+00.04610.250 4252.44820.42-.016730          1 1 1          0 1 0 12  5  8       13  5  9      334233797294713152    25.0   27.0
 11 6806.621255 1.419E-29 1.651E+00.08410.412 4126.46340.69-.007720          0 2 2          0 0 1  4  3  2        4  3  1      334233807294713152    27.0   27.0
 11 6806.628174 1.623E-30 4.780E-02.03740.298 3997.50830.38-.018540          0 1 2          0 1 0  9  7  2       10  8  3      334233807294713152    57.0   63.0
 11 6806.669420 1.586E-23 2.725E-02.10020.437   70.09080.76-.000250          1 2 0          0 0 0  2  1  1        2  0  2      468621807282623134     5.0    5.0
 11 6806.694100 7.093E-30 1.207E+00.10080.434 3926.86220.75-.013350          3 0 0          0 0 1  3  1  3        3  1  2      332230807294713152     7.0    7.0
 11 6806.700957 4.928E-30 3.662E-04.05170.265 2613.10450.60-.013580          0 4 0          0 0 0 13  6  8       12  7  5      332230807260713049    27.0   25.0
 11 6806.739153 1.199E-29 3.372E+00.08090.434 4030.30610.67-.006420          0 2 2          0 0 1  3  3  1        3  3  0      334223807294713152     7.0    7.0
