 11 7184.051938 2.559E-30 1.587E-01.06120.208 4016.13440.56-.008800          0 0 2          0 0 0 16  6 10       16  7  9      332230807260713049    33.0   33.0
 11 7184.079829 3.390E-30 7.840E-04.08190.315 2998.76630.73-.014510          2 1 0          0 1 0 10  3  8        9  4  5      432230807294713152    63.0   57.0
 11 7184.100960 1.430E-24 1.134E+00.04770.315 1810.58790.48-.015870          0 0 2          0 0 0  9  6  3        9  7  2      454523606760713049    57.0   57.0
 11 7184.216689 5.464E-30 5.461E-01.03320.281 4265.97640.36-.020120          1 3 0          0 1 0 11  9  2       11  8  3      332230807294713152    69.0   69.0
 11 7184.218587 1.821E-30 5.460E-01.03320.281 4265.97430.36-.020130          1 3 0          0 1 0 11  9  3       11  8  4      332230807294713152    23.0   23.0
 11 7184.306002 1.430E-29 5.410E-02.05150.265 3592.42390.490.002910          1 1 1          0 1 0 11  5  7       12  3 10      334233807294713152    69.0   75.0
 11 7184.360820 1.720E-26 6.508E-02.09280.391 2053.96870.73-.012030          1 1 1          0 1 0  6  0  6        5  2  3      454223796594713152    39.0   33.0
 11 7184.385259 8.547E-30 3.291E+00.09180.352 4426.06640.73-.013760          0 0 3          1 0 0  6  2  4        7  2  5      332230807294713152    39.0   45.0
 11 7184.416685 5.407E-30 2.615E-08.07810.371  648.97870.670.000000          0 0 2          0 0 0  5  1  4        6  3  4     q4222308079917122 0    33.0   39.0
 11 7184.457866 4.686E-25 2.158E+00.06980.281 1985.78490.640.002970          1 0 1          0 0 0 11  5  6       11  5  7      464223807294713152    23.0   23.0
 11 7184.476441 2.709E-29 4.061E-02.06100.298 3383.26540.56-.020730          0 1 2          0 1 0 10  4  7       10  5  6      334233807294713152    63.0   63.0
 11 7184.553749 1.944E-28 8.427E+00.10390.456 3849.38530.76-.006590          1 0 2          0 0 1  3  1  2        2  1  1      334233807294713152    21.0   15.0
 11 7184.654390 5.218E-30 1.401E-04.04710.315 2512.28290.38-.005400          0 6 0          0 1 0  8  1  8        9  0  9      2322338072947131 9    51.0   57.0
 11 7184.681312 3.949E-30 2.832E-08.08330.391  503.96810.690.000000          2 0 0          0 0 0  5  3  3        5  3  3     q4222308079917122 0    11.0   11.0
 11 7184.727213 1.810E-24 6.139E-03.06310.391  610.34120.57-.016350          1 2 0          0 0 0  6  5  2        5  4  1      754223606794713152    39.0   33.0
 11 7184.759870 7.118E-29 7.221E-01.10190.456 3255.34600.75-.003760          2 2 0          0 2 0  2  2  0        2  1  1      334243807294713152     5.0    5.0
 11 7184.786957 2.547E-29 5.941E-02.03820.195 3567.17380.41-.035670          1 0 1          0 0 0 16  4 12       17  2 15      334233807294713152    99.0  105.0
 11 7184.835201 2.378E-28 3.651E-07.07810.371  447.25240.670.000000          2 0 0          0 0 0  6  1  6        6  1  6     q4322308079917122 0    39.0   39.0
 11 7184.905155 2.989E-30 4.542E-02.03670.235 3685.41880.47-.031830          1 0 1          0 0 0 13 11  2       14  9  5      332230807294713152    27.0   29.0
 11 7184.917085 8.969E-30 4.543E-02.03670.235 3685.40690.47-.031840          1 0 1          0 0 0 13 11  3       14  9  6      332230807294713152    81.0   87.0
 11 7184.918104 6.704E-28 4.314E-06.07350.391  742.07630.67-.008860          2 0 0          0 0 0  6  4  3        5  5  0      434223807260713049    39.0   33.0
 11 7184.919905 1.377E-28 6.199E-02.05650.281 3135.76480.53-.007050          2 1 0          0 1 0 10  4  7       11  1 10      334233807294713152    63.0   69.0
 11 7184.934465 2.791E-29 5.833E-04.03310.221 2358.30160.41-.005380          0 4 0          0 0 0 15  4 12       15  1 15      344233803260713049    31.0   31.0
 11 7184.963169 3.577E-30 3.231E-03.05120.281 3314.85560.50-.016210          0 1 2          0 1 0 12  1 12       11  2  9      332230807294713152    75.0   69.0
 11 7184.984125 6.120E-25 6.221E-03.06170.391  610.11440.55-.015000          1 2 0          0 0 0  6  5  1        5  4  2      454523606794713152    13.0   11.0
 11 7185.009311 7.891E-29 3.625E-07.07810.371  446.69660.670.000000          2 0 0          0 0 0  6  0  6        6  0  6     q4322308079917122 0    13.0   13.0
 11 7185.048486 1.169E-29 5.714E-08.08870.412  383.84250.710.000000          2 0 0          0 0 0  4  3  1        4  3  1     q4222308079917122 0     9.0    9.0
 11 7185.100291 1.925E-29 9.011E-08.08330.391  416.20870.690.000000          2 0 0          0 0 0  5  2  4        5  2  4     q4222308079917122 0    11.0   11.0
 11 7185.172318 3.098E-30 7.721E-01.08570.391 4076.14330.68-.001110          1 0 2          0 0 1  5  2  4        5  0  5      332230807294713152    11.0   11.0
 11 7185.354691 9.580E-30 1.079E+00.10670.456 3750.46450.77-.009510          1 0 2          1 0 0  2  0  2        2  1  1      334223807294713152     5.0    5.0
 11 7185.394189 5.287E-23 9.594E-02.09240.435  447.25240.73-.005510          2 0 0          0 0 0  5  2  3        6  1  6      464623307260483049    33.0   39.0
 11 7185.400573 9.665E-24 4.501E+00.06020.315 1474.98080.54-.009200          1 0 1          0 0 0  9  5  4        9  5  5      464223307294713152    19.0   19.0
 11 7185.442365 3.210E-24 1.922E-02.08350.352  782.40980.69-.008160          1 0 1          0 0 0  8  0  8        7  2  5      454523306794713152    51.0   45.0
 11 7185.471317 1.050E-30 9.923E-03.04010.265 3587.66660.40-.002470          0 6 0          0 1 0 13  1 13       12  2 10      3322338072947131 9    27.0   25.0
 11 7185.576860 2.046E-24 3.130E-03.09330.391  446.51070.74-.009330          2 0 0          0 0 0  6  1  6        5  2  3      464223307260713049    39.0   33.0
 11 7185.596113 5.971E-22 1.676E+01.04130.195 1045.05800.65-.021980          1 0 1          0 0 0  6  6  0        6  6  1      765321807267662452    39.0   39.0
 11 7185.596433 1.990E-22 1.676E+01.03880.371 1045.05830.41-.022020          1 0 1          0 0 0  6  6  1        6  6  0      764223807294713152    13.0   13.0
 11 7185.687484 4.729E-29 7.657E-08.08870.412  382.51690.710.000000          2 0 0          0 0 0  4  3  2        4  3  2     q4222308079917122 0    27.0   27.0
 11 7185.695341 2.167E-30 5.020E-01.08210.315 4399.54210.69-.006620          2 2 0          0 2 0  9  3  6        9  2  7      332230807294713152    57.0   57.0
 11 7185.696044 5.140E-26 3.335E-01.09230.391 2130.49430.73-.011880          0 1 2          0 1 0  5  0  5        5  3  2      454223606594713152    33.0   33.0
 11 7185.715355 2.426E-30 1.456E-05.08500.391 1922.82890.690.005670          0 3 1          0 1 0  6  3  4        5  1  5      432230807294713152    13.0   11.0
 11 7185.732451 8.582E-28 4.522E-02.08630.371 2399.16540.72-.017640          1 1 1          0 1 0  7  2  5        6  4  2      434223807294713152    15.0   13.0
 11 7185.733411 6.226E-29 6.288E-01.09720.412 3375.29790.74-.006340          2 2 0          0 2 0  4  1  3        4  0  4      334223807294713152     9.0    9.0
 11 7185.776853 1.186E-30 3.923E-03.07090.298 3564.70500.66-.006440          2 1 0          0 1 0 11  5  6       10  6  5      332230807294713152    69.0   63.0
 11 7185.846883 2.790E-27 5.387E-05.07550.391  742.07300.69-.008510          2 0 0          0 0 0  6  4  2        5  5  1      444223606560713049    13.0   11.0
 11 7185.894351 1.261E-30 1.532E+00.07570.371 4401.94180.66-.024750          0 0 3          1 0 0  5  4  1        6  4  2      332230807294713152    11.0   13.0
 11 7185.913630 3.500E-27 7.162E-02.04260.235 2551.48350.420.000520          1 0 1          0 0 0 13  5  9       14  3 12      444223796594713152    81.0   87.0
 11 7185.922281 8.652E-30 1.462E-07.06860.333  744.06370.620.000000          1 0 1          0 0 0  7  1  6        8  0  8     q4222308079917122 0    15.0   17.0
 11 7185.936277 2.213E-28 9.344E+00.09310.434 3895.58810.72-.004890          1 0 2          0 0 1  4  1  4        3  1  3      334233807294713152    27.0   21.0
 11 7185.940082 1.233E-29 1.054E-03.03400.208 2660.94620.38-.009019         -2-2-2          0 0 0 16  1 15       16  0 16      132232477291712250    33.0   33.0
 11 7185.966529 2.810E-27 2.051E-04.07940.371 1045.05830.71-.009480          0 0 2          0 0 0  7  3  5        6  6  0      444223606560713049    15.0   13.0
